OgrenciNo Lab1 Lab2 Lab3
1821221254 90 100 90
1621221040 75 0 0
1821221001 45 37.5 81.5
1621221007 0 0 0
1721221227 100 100 95
1821221009 0 0 100
1821221257 85 92.5 75
1821221035 100 95 90
1821221024 100 95 90
1721221009 100 100 87.5
1721221015 100 100 89
1621221014 0 100 82.5
1721221016 100 97.5 92.5
1821221008 92.5 90 70
1821221032 100 100 87.5
1821221018 87.5 95 100
1821221263 67.5 85 75
1821221029 100 97.5 46.5
1621221033 72.5 100 80
1821221014 72.5 80 75
1821221011 0 0 0
1321221025 0 57.5 0
1821221355 100 100 100
1321221023 0 72.5 85
1621221019 0 0 0
1821221022 100 100 87.5
1821221025 100 100 95
1821221033 0 42.5 75
1821221003 100 100 22.5
1821221023 72.5 80 65
1821221027 0 0 0
1921221044 75 100 100
1821221020 62.5 100 67.5
1921221004 92.5 100 82.5
1821221006 0 0 37.5
1721221201 100 50 45
1921221035 100 30 93.5
1821221013 0 72.5 0
1821221021 25 42.5 66.5
1821221251 0 0 62.5
1821221030 100 100 82.5
1921221354 0 0 25
1621221025 100 100 97.5
1821221012 100 100 95
1821221007 72.5 80 57.5
111111 33 34 35
BLM19206 Mikroislemci Sistemleri (BLM)
